    clusters_total filtered_by_depth filtered_by_maxH filtered_by_maxN reads_consens nsites nhetero heterozygosity
U03            915               294                7                1           613 149636     147        0.00098
U04            915               324                6                2           583 142429     157        0.00110
U05            917               294                4                2           617 150391     107        0.00071
U19            899               309                6                0           584 142669     163        0.00114
U20            903               320                5                1           577 140948     170        0.00121
U21            902               285                8                3           606 148022     166        0.00112
U23            909               301                6                0           602 146910     106        0.00072
U24            903               300                4                3           596 145582      86        0.00059
U25            906               322                3                1           580 141754     108        0.00076
U41            878               401                3                2           472 115257     126        0.00109
U42            899               405                4                1           489 119491     109        0.00091
U43            909               351                7                2           549 134194     140        0.00104