    clusters_total filtered_by_depth filtered_by_maxH filtered_by_maxN reads_consens nsites nhetero heterozygosity
U03          11268             10170               69               88           941 224145     392        0.00175
U04          12063             11013               64               90           896 214193     410        0.00191
U05          11417             10315               97               67           938 224020     298        0.00133
U19          11082             10004               93               72           913 218254     375        0.00172
U20          11171             10127               83               66           895 212799     379        0.00178
U21          11050              9946               86               69           949 225890     395        0.00175
U23          11658             10592               89               64           913 217292     334        0.00154
U24          11988             10934               70               70           914 217317     364        0.00167
U25          11520             10454               79               77           910 216461     340        0.00157
U41          10677              9595              105               99           878 202347     376        0.00186
U42          10742              9689               89               75           889 206170     425        0.00206
U43          10646              9602               95               70           879 206026     383        0.00186