                 clusters_total  hidepth_min clusters_hidepth avg_depth_total avg_depth_mj avg_depth_stat sd_depth_total sd_depth_mj sd_depth_stat
KBDC-B27_sub001           24202            3             1176            1.31         3.94          13.67           1.23        4.60         14.91
KBDC-B28_sub001           23819            3             1165            1.32         3.99          14.74           1.37        5.29         17.66
KBDC-B29_sub001           24771            3             1342            1.33         3.87          13.40           1.35        4.93         16.93
KBDC-B30_sub001           24064            3             1243            1.32         3.91          12.77           1.26        4.57         14.48
KBDC-B31_sub001           30087            3             2559            1.44         3.81          12.69           1.62        4.76         18.05
KJGB-B705_sub001          20162            3              710            1.26         4.08          11.23           1.00        4.08         10.13
KJGB-B706_sub001          20453            3              813            1.27         4.10          14.30           1.30        5.59         16.75
KJGB-B707_sub001          21829            3              969            1.30         4.02          15.14           1.36        5.54         18.34
KJGB-B708_sub001          20991            3              783            1.27         4.25          14.88           1.36        6.09         17.72
KJGB-B709_sub001          16755            3              456            1.21         4.45          16.61           1.29        6.81         18.71
KWGA-B202_sub001          23234            3              974            1.27         4.07          14.90           1.37        5.82         18.65
KWGA-B203_sub001          20410            3              743            1.26         4.06          14.83           1.15        4.95         14.68
KWGA-B204_sub001          14715            3              335            1.20         4.79          16.40           1.31        7.59         18.10
KWGA-B206_sub001          17905            3              517            1.23         4.22          15.37           1.10        5.38         14.47
KWGA-B207_sub001          17838            3              480            1.23         4.53          17.72           1.30        6.88         18.28
OIV-B126_sub001           32259            3             2617            1.44         3.93          14.78           2.01        6.41         24.45
OIV-B127_sub001           33555            3             2253            1.38         3.91          16.59           2.00        7.09         29.75
OIV-B128_sub001           26094            3             1291            1.33         4.12          16.89           1.75        7.12         25.09
OIV-B129_sub001           20214            3              792            1.26         3.95          14.69           1.11        4.57         14.52
OIV-B12_sub001            18825            3              571            1.24         4.64          12.13           1.15        5.28         10.72