    clusters_total  hidepth_min clusters_hidepth avg_depth_total avg_depth_mj avg_depth_stat sd_depth_total sd_depth_mj sd_depth_stat
U03          11268            6             1098            2.75        14.37          14.37          16.88       52.58         52.58
U04          12063            6             1050            2.60        14.41          14.41          15.38       50.54         50.54
U05          11417            6             1102            2.59        12.92          12.92           4.58        9.54          9.54
U19          11082            6             1078            2.68        13.47          13.47           5.40       12.74         12.74
U20          11171            6             1044            2.82        15.33          15.33          17.40       55.30         55.30
U21          11050            6             1104            2.70        13.33          13.33           5.10       11.24         11.24
U23          11658            6             1066            2.70        14.94          14.94          15.93       51.00         51.00
U24          11988            6             1054            2.60        14.13          14.13          14.87       48.59         48.59
U25          11520            6             1066            2.57        13.10          13.10           4.80       10.86         10.86
U41          10677            6             1082            2.80        14.27          14.27          13.37       40.13         40.13
U42          10742            6             1053            2.78        14.53          14.53          15.74       48.65         48.65
U43          10646            6             1044            2.85        15.11          15.11          16.41       50.70         50.70