                 clusters_total filtered_by_depth filtered_by_maxH  filtered_by_maxAlleles filtered_by_maxN reads_consens nsites nhetero heterozygosity
KBDC-B27_sub001           20802             19531               20                      10                0          1098 311851     162        0.00052
KBDC-B28_sub001           20515             19250               21                       9                0          1089 306004     162        0.00053
KBDC-B29_sub001           21271             19851               23                       9                0          1231 345976     208        0.00060
KBDC-B30_sub001           21083             19717               22                      14                0          1189 327390     201        0.00061
KBDC-B31_sub001           25810             23100               46                      17                0          2418 669632     363        0.00054
KJGB-B705_sub001          17388             16638                7                       9                0           633 178019     109        0.00061
KJGB-B706_sub001          17893             17000               14                       8                0           772 218182     188        0.00086
KJGB-B707_sub001          18972             17948               20                       8                0           884 247312     139        0.00056
KJGB-B708_sub001          18273             17413               11                      11                0           731 206286     166        0.00080
KJGB-B709_sub001          14642             14177                6                       9                0           394 110587      98        0.00089
KWGA-B202_sub001          20110             19028               17                      13                0           918 249477     193        0.00077
KWGA-B203_sub001          17839             17047               16                       8                0           654 178395     138        0.00077
KWGA-B204_sub001          13140             12800                4                       7                0           287  77550      56        0.00072
KWGA-B206_sub001          15736             15178                7                       4                0           465 124975     103        0.00082
KWGA-B207_sub001          15683             15157                7                       7                0           437 121308      91        0.00075
OIV-B126_sub001           27970             25062               50                      21                0          2569 708522     427        0.00060
OIV-B127_sub001           28608             26045               55                      12                0          2215 605221     367        0.00061
OIV-B128_sub001           22570             21126               25                      11                0          1237 340745     178        0.00052
OIV-B129_sub001           17604             16696               21                      12                0           766 207557     132        0.00064
OIV-B12_sub001            16838             16233                9                      14                0           524 140122     151        0.00108