                 clusters_total filtered_by_depth filtered_by_maxH  filtered_by_maxAlleles filtered_by_maxN reads_consens nsites nhetero heterozygosity
KBDC-B27_sub001           24202             23026               12                      16                9          1139 322650     172        0.00053
KBDC-B28_sub001           23819             22654                8                      12               13          1132 320141     183        0.00057
KBDC-B29_sub001           24771             23429               13                      13                9          1307 367942     291        0.00079
KBDC-B30_sub001           24064             22821                7                      18               13          1205 336887     195        0.00058
KBDC-B31_sub001           30087             27528               20                      20               16          2503 700516     411        0.00059
KJGB-B705_sub001          20162             19452               14                      11                9           676 190305     142        0.00075
KJGB-B706_sub001          20453             19640               10                      14                7           782 221941     172        0.00077
KJGB-B707_sub001          21829             20860               10                      14               10           935 262385     189        0.00072
KJGB-B708_sub001          20991             20208                8                      17               12           746 211158     174        0.00082
KJGB-B709_sub001          16755             16299                7                       8                8           433 122774     148        0.00121
KWGA-B202_sub001          23234             22260               10                      16                6           942 260504     252        0.00097
KWGA-B203_sub001          20410             19667                8                      11                8           716 198895     167        0.00084
KWGA-B204_sub001          14715             14380                4                       8                9           314  86385      95        0.00110
KWGA-B206_sub001          17905             17388                5                       8               10           494 135929     119        0.00088
KWGA-B207_sub001          17838             17358                7                       8               12           453 127137     109        0.00086
OIV-B126_sub001           32259             29642               24                      28               18          2547 709878     465        0.00066
OIV-B127_sub001           33555             31302               10                      22               12          2209 611021     376        0.00062
OIV-B128_sub001           26094             24803               10                      15               10          1256 351729     247        0.00070
OIV-B129_sub001           20214             19422                5                       8                6           773 212963     171        0.00080
OIV-B12_sub001            18825             18254               12                      17               13           529 145927     184        0.00126