                 clusters_total  hidepth_min clusters_hidepth avg_depth_total avg_depth_mj avg_depth_stat sd_depth_total sd_depth_mj sd_depth_stat
KBDC-B27_sub001           20802            3             1349            1.38         3.83          14.30           1.33        4.31         15.58
KBDC-B28_sub001           20515            3             1332            1.38         3.81          15.32           1.31        4.20         15.90
KBDC-B29_sub001           21271            3             1490            1.39         3.75          15.06           1.32        4.10         16.23
KBDC-B30_sub001           21083            3             1441            1.39         3.85          15.82           1.41        4.53         17.08
KBDC-B31_sub001           25810            3             2841            1.53         3.78          12.31           1.50        3.64         13.83
KJGB-B705_sub001          17388            3              800            1.30         3.85          12.47           1.00        3.44          9.77
KJGB-B706_sub001          17893            3              947            1.32         3.81          14.34           1.08        3.59         11.09
KJGB-B707_sub001          18972            3             1085            1.34         3.73          14.06           1.06        3.31         11.61
KJGB-B708_sub001          18273            3              917            1.32         3.95          13.75           1.13        3.93         11.39
KJGB-B709_sub001          14642            3              482            1.24         4.05          15.69           1.05        4.66         13.39
KWGA-B202_sub001          20110            3             1148            1.35         4.09          17.36           1.51        5.42         17.66
KWGA-B203_sub001          17839            3              852            1.32         4.05          17.35           1.33        5.13         16.58
KWGA-B204_sub001          13140            3              360            1.23         4.65          18.56           1.39        7.36         18.93
KWGA-B206_sub001          15736            3              597            1.27         4.13          19.36           1.22        5.22         15.56
KWGA-B207_sub001          15683            3              563            1.27         4.14          16.45           1.21        5.36         15.44
OIV-B126_sub001           27970            3             3047            1.54         3.89          14.72           1.92        5.12         20.31
OIV-B127_sub001           28608            3             2709            1.49         3.87          15.60           1.99        5.80         24.66
OIV-B128_sub001           22570            3             1530            1.40         3.91          17.25           1.52        4.98         19.34
OIV-B129_sub001           17604            3              960            1.33         3.97          16.83           1.35        4.83         15.88
OIV-B12_sub001            16838            3              648            1.29         4.59          14.77           1.35        5.69         12.83