    clusters_total  hidepth_min clusters_hidepth avg_depth_total avg_depth_mj avg_depth_stat sd_depth_total sd_depth_mj sd_depth_stat
U03            931            6              698           15.21        19.17          19.17         123.04      141.88        141.88
U04            948            6              691           14.33        18.46          18.46         107.66      125.85        125.85
U05            938            6              707           15.02        18.85          18.85         120.06      138.07        138.07
U19            929            6              685           15.30        19.65          19.65         120.49      140.06        140.06
U20            922            6              654           15.27        20.21          20.21         121.33      143.77        143.77
U21            922            6              701           15.70        19.63          19.63         125.01      143.14        143.14
U23            933            6              694           14.95        18.99          18.99         115.18      133.30        133.30
U24            936            6              680           14.23        18.34          18.34         100.84      118.05        118.05
U25            941            6              674           14.62        19.09          19.09         114.68      135.24        135.24
U41            914            6              610           13.48        18.68          18.68         100.83      123.09        123.09
U42            928            6              627           14.02        19.27          19.27         116.57      141.51        141.51
U43            937            6              649           14.20        19.12          19.12         110.92      132.98        132.98